[0.02726295 0.04306888 0.05572137 0.06725705 0.07585292 0.08357371
 0.08997954 0.09606321 0.10201883 0.10772272 0.11312579 0.11839436
 0.12342995 0.1283321  0.13317851 0.13788398 0.14251321 0.14702996
 0.15150548 0.15589701 0.16026274 0.16454148 0.16872712 0.17288781
 0.17691225 0.18081465 0.18464435 0.18844832 0.19222491 0.19591668
 0.19956614 0.20316239 0.20671247 0.2102214  0.21366565 0.21706197
 0.22040439 0.22372827 0.22704015 0.23025457 0.23345743 0.23660554
 0.23975156 0.24285659 0.24591663 0.24896397 0.25198177 0.25497098
 0.25793518 0.26087377 0.26379725 0.26666623 0.26953146 0.27236536
 0.27514127 0.27790289 0.28064043 0.28332844 0.28601396 0.28867278
 0.2913241  0.29397392 0.29660149 0.29921385 0.30180961 0.30436454
 0.30691212 0.30944191 0.31195    0.31444067 0.31692225 0.31938815
 0.32184587 0.32429837 0.32671724 0.32912735 0.33152772 0.33392305
 0.33629895 0.33865066 0.34098457 0.3433124  0.34563709 0.34794427
 0.35024846 0.35254239 0.35482382 0.35708831 0.35933912 0.36158355
 0.3638031  0.36601177 0.3681996  0.37038672 0.37255637 0.37471991
 0.37687863 0.3790335  0.38117953 0.38330803 0.38543256 0.38754234
 0.38964558 0.39174025 0.39382678 0.39590983 0.3979845  0.40004196
 0.40209288 0.40413081 0.40616426 0.40818342 0.4101952  0.41218727
 0.4141643  0.41612705 0.41808731 0.42004068 0.42198093 0.42391854
 0.42584942 0.42776707 0.42967811 0.43157186 0.43346163 0.43534011
 0.43721171 0.43907807 0.44093892 0.44279763 0.44463876 0.44647188
 0.44829552 0.45011299 0.45192587 0.45371968 0.45550751 0.45728673
 0.45906181 0.46083306 0.46259255 0.46434309 0.46608518 0.4678235
 0.46955546 0.47128066 0.47299942 0.47471437 0.47642479 0.4781304
 0.47983203 0.48152558 0.48321298 0.48489567 0.48656809 0.48823194
 0.4898936  0.49154822 0.49320248 0.49484946 0.49649391 0.49812511
 0.49975395 0.50138146 0.5030061  0.50462292 0.50623454 0.50784353
 0.50945043 0.51105439 0.51265095 0.51424132 0.51582503 0.51740195
 0.5189756  0.52054734 0.52210738 0.52366675 0.52522003 0.52676823
 0.52831167 0.52984861 0.53138055 0.53290536 0.5344264  0.53593963
 0.53744917 0.53895246 0.54045028 0.54194532 0.54343621 0.54492466
 0.54641006 0.54788649 0.54936025 0.55082573 0.55228809 0.55374521
 0.55520012 0.55665356 0.55810516 0.55954901 0.56098916 0.56242286
 0.56385599 0.56528806 0.56671396 0.56813358 0.56954988 0.57096014
 0.57236783 0.57377117 0.57517312 0.57657109 0.57796473 0.57935332
 0.58073834 0.58211675 0.58349173 0.58486571 0.58623379 0.58759382
 0.58895126 0.59030622 0.59165728 0.5930057  0.59434903 0.59568621
 0.59702039 0.59835053 0.59967692 0.60100024 0.60231103 0.60361849
 0.60492256 0.60622339 0.60752057 0.60881104 0.61010021 0.61138754
 0.61267006 0.61394919 0.61522217 0.61649328 0.61775543 0.6190159
 0.62027221 0.62152665 0.62278009 0.62403173 0.62527556 0.62651569
 0.62775408 0.62898992 0.63022214 0.63144872 0.63267472 0.63389594
 0.63511598 0.63633313 0.63754522 0.63875552 0.63996207 0.64116427
 0.64236566 0.64356489 0.64476222 0.64595757 0.6471482  0.64833863
 0.64952263 0.65070454 0.65188366 0.6530605  0.65423633 0.65540913
 0.65657882 0.65774791 0.65891405 0.6600767  0.66123666 0.66239513
 0.66355045 0.66470196 0.6658502  0.66699485 0.6681353  0.66927384
 0.67041158 0.67154555 0.67267855 0.67380774 0.67493605 0.67606202
 0.67718541 0.67830755 0.67942847 0.6805462  0.68166306 0.68277641
 0.68388907 0.68499996 0.68610932 0.68721578 0.68832064 0.68942287
 0.69052483 0.69162251 0.69271729 0.69381133 0.69490408 0.69599621
 0.69708408 0.69817028 0.69925478 0.70033763 0.70141884 0.7024986
 0.70357697 0.70465448 0.70573018 0.70680484 0.70787779 0.70894931
 0.71002017 0.71109012 0.71215959 0.71322728 0.71429424 0.71536018
 0.71642374 0.71748631 0.71854858 0.7196094  0.7206695  0.72172857
 0.72278737 0.72384507 0.72490175 0.72595738 0.72701243 0.72806671
 0.72912081 0.73017464 0.73122806 0.73227982 0.73333084 0.73438124
 0.73543148 0.73648132 0.73753027 0.73857915 0.73962767 0.74067548
 0.74172292 0.74276983 0.74381649 0.7448628  0.74590906 0.74695475
 0.74799976 0.74904442 0.75008828 0.75113143 0.75217407 0.75321504
 0.75425557 0.75529575 0.75633541 0.75737259 0.75840922 0.75944082
 0.76047067 0.76149947 0.76252726 0.76355481 0.76457942 0.76560111
 0.76662223 0.76764149 0.76865849 0.76967474 0.77068907 0.77170165
 0.77271248 0.77372128 0.77472747 0.7757319  0.77673378 0.77773384
 0.77873065 0.77972594 0.78071982 0.78171268 0.78270101 0.78368903
 0.78467356 0.78565424 0.78663314 0.78761018 0.78858352 0.78955534
 0.79052373 0.79148823 0.79245103 0.79341228 0.79437283 0.7953317
 0.7962866  0.79723913 0.79818908 0.79913642 0.8000832  0.80102745
 0.80196909 0.80291051 0.80385075 0.80478859 0.80572456 0.80665862
 0.80758995 0.80851861 0.809445   0.81036816 0.81128599 0.81220185
 0.81311562 0.81402775 0.81493786 0.8158444  0.8167497  0.81765109
 0.81855026 0.81944861 0.82034507 0.82123999 0.82213292 0.8230235
 0.82391007 0.82479222 0.82567127 0.82654841 0.82742376 0.82829764
 0.82916989 0.83004045 0.8309078  0.83176777 0.83262582 0.83348128
 0.83433553 0.83518629 0.83603465 0.83688053 0.83772594 0.83856726
 0.83940674 0.84024433 0.84107964 0.84191234 0.84274114 0.84356757
 0.84439098 0.84521175 0.84603145 0.84684927 0.84766378 0.84847709
 0.84928825 0.85009516 0.85090185 0.85170649 0.85250682 0.85330552
 0.85410174 0.85489512 0.85568807 0.85647788 0.85726493 0.85805095
 0.85883314 0.85961367 0.86038936 0.86116191 0.86193414 0.86270358
 0.863472   0.86423903 0.86500207 0.86576264 0.86652104 0.86727865
 0.86803508 0.8687891  0.86953883 0.87028514 0.87102784 0.8717695
 0.872508   0.87324367 0.873977   0.8747077  0.87543611 0.87616232
 0.87688651 0.87760772 0.87832652 0.87904125 0.87975361 0.88046551
 0.88117547 0.881882   0.88258772 0.8832921  0.88399377 0.88469387
 0.88538981 0.88608366 0.88677529 0.88746605 0.88815451 0.88884024
 0.8895233  0.89020435 0.89088357 0.89156009 0.89223579 0.89290845
 0.89358032 0.89424954 0.89491773 0.89558153 0.896243   0.89689855
 0.89755389 0.89820628 0.8988564  0.89950321 0.90014951 0.90079207
 0.9014343  0.9020723  0.90270725 0.90334186 0.90397427 0.90460466
 0.90523101 0.90585591 0.90647811 0.90709724 0.90771442 0.90832919
 0.9089435  0.90955495 0.91016396 0.91077201 0.91137905 0.91198208
 0.91258438 0.91318249 0.91377781 0.9143717  0.91496421 0.91555267
 0.91613876 0.91672151 0.91730202 0.91788108 0.9184591  0.91903587
 0.91960835 0.92018005 0.92075062 0.92131915 0.92188648 0.92245295
 0.92301546 0.92357655 0.9241358  0.92469198 0.92524704 0.92580099
 0.92635223 0.92689886 0.92744424 0.9279883  0.92853192 0.92907457
 0.9296138  0.93015235 0.93068714 0.93122071 0.93175205 0.93227913
 0.93280446 0.93332938 0.9338527  0.9343715  0.93488752 0.93540032
 0.93591161 0.93642074 0.93692605 0.93743032 0.93793313 0.93843513
 0.9389346  0.9394335  0.93992973 0.94042235 0.94091457 0.94140575
 0.94189288 0.94237977 0.94286428 0.94334583 0.94382481 0.9443026
 0.94477741 0.94525082 0.94572227 0.94619334 0.94666051 0.9471251
 0.94758816 0.94804963 0.9485086  0.94896592 0.94942149 0.94987603
 0.95032956 0.95078074 0.95123065 0.95167877 0.95212567 0.95257052
 0.95301262 0.95345182 0.95388927 0.95432573 0.95475953 0.95518887
 0.95561699 0.95604422 0.95646529 0.95688413 0.95730108 0.95771446
 0.95812526 0.95853331 0.95894041 0.95934615 0.95974886 0.96014948
 0.96054883 0.96094649 0.96134321 0.96173703 0.96213026 0.96252032
 0.96290802 0.96329339 0.96367732 0.96405875 0.96443818 0.96481404
 0.96518681 0.96555878 0.96592913 0.9662974  0.96666508 0.96703111
 0.96739583 0.96775994 0.9681206  0.96847886 0.96883527 0.96918988
 0.96954108 0.96989137 0.97023897 0.97058449 0.9709273  0.97126788
 0.97160735 0.97194454 0.97227826 0.97261056 0.97294195 0.9732704
 0.97359668 0.97391796 0.97423804 0.97455567 0.97487126 0.97518286
 0.97549212 0.97580005 0.97610414 0.97640667 0.97670493 0.9770012
 0.97729679 0.9775877  0.9778745  0.97816006 0.97844172 0.97872298
 0.97900294 0.97927888 0.97955265 0.97982415 0.98009415 0.98036236
 0.98062933 0.9808926  0.98115441 0.98141528 0.98167307 0.98192752
 0.98218043 0.982432   0.98267874 0.98292378 0.98316683 0.98340767
 0.98364701 0.98388513 0.98411986 0.98435194 0.98458333 0.98481318
 0.98504095 0.98526409 0.98548664 0.98570756 0.98592664 0.98614446
 0.98636081 0.98657379 0.98678553 0.98699617 0.98720533 0.9874132
 0.98761444 0.98781448 0.98801142 0.98820595 0.98839917 0.98859095
 0.98878249 0.9889719  0.98916054 0.98934735 0.98953333 0.98971577
 0.98989653 0.99007496 0.99025202 0.99042742 0.99060079 0.99077367
 0.99094383 0.99111277 0.99127997 0.99144448 0.9916088  0.99177135
 0.9919327  0.99209222 0.99225084 0.99240707 0.99256068 0.99271145
 0.99285813 0.99300193 0.99314405 0.99328445 0.99342397 0.9935614
 0.99369864 0.9938342  0.99396797 0.99409972 0.9942299  0.99435935
 0.99448809 0.99461424 0.99473806 0.99486093 0.99498298 0.99510197
 0.99522004 0.9953364  0.99545182 0.99556588 0.9956798  0.99579146
 0.99590248 0.99601218 0.9961213  0.99622564 0.99632909 0.99643013
 0.99652838 0.9966248  0.99672081 0.99681384 0.99690334 0.99699248
 0.99708114 0.99716786 0.99725307 0.99733669 0.99741854 0.99749878
 0.99757828 0.99765673 0.99773471 0.99781097 0.99788555 0.99795698
 0.99802781 0.9980982  0.99816461 0.99823024 0.99829294 0.99835463
 0.99841553 0.99847573 0.99853413 0.99859108 0.99864679 0.9987021
 0.99875665 0.99880866 0.99885979 0.99891026 0.99896042 0.99900802
 0.99905443 0.99909919 0.99914232 0.99918483 0.99922648 0.99926665
 0.99930515 0.99934312 0.99938081 0.99941734 0.99945255 0.99948773
 0.99952128 0.99955306 0.99958404 0.99961363 0.99964304 0.99967176
 0.99969595 0.99971974 0.99974272 0.99976552 0.99978734 0.99980873
 0.99982862 0.99984709 0.99986159 0.9998755  0.9998892  0.99990274
 0.99991618 0.99992875 0.99994021 0.99995055 0.99996012 0.99996919
 0.99997814 0.99998654 0.99999388 1.         1.         1.
 1.         1.         1.         1.         1.         1.
 1.         1.         1.         1.         1.         1.
 1.         1.         1.         1.         1.         1.
 1.         1.         1.         1.         1.         1.
 1.         1.         1.         1.         1.         1.
 1.         1.         1.         1.         1.         1.
 1.         1.         1.         1.         1.         1.
 1.         1.         1.         1.         1.         1.
 1.         1.         1.         1.         1.         1.
 1.         1.         1.         1.         1.         1.
 1.         1.         1.         1.         1.         1.
 1.         1.         1.         1.         1.         1.
 1.         1.         1.         1.         1.         1.
 1.         1.         1.         1.         1.         1.
 1.         1.         1.         1.         1.         1.
 1.         1.         1.         1.         1.         1.
 1.         1.         1.         1.         1.         1.
 1.         1.         1.         1.         1.         1.
 1.        ]